kineVar_a_0.400000_b_0.500000
2.857e-02 2.865e-02 2.084e-03

kineVar_a_0.400000_b_0.600000
6.126e-03 8.956e-03 1.804e-02

kineVar_a_0.400000_b_0.700000
6.319e-04 2.282e-03 1.278e-01

kineVar_a_0.400000_b_0.800000
4.505e-04 7.141e-05 4.756e-01

kineVar_a_0.400000_b_0.900000
6.123e-05 5.461e-04 7.263e-01

kineVar_a_0.400000_b_1.000000
4.344e-04 5.666e-04 7.355e-01

kineVar_a_0.400000_b_1.100000
7.754e-04 3.159e-04 6.234e-01

kineVar_a_0.400000_b_1.200000
1.089e-03 5.490e-05 4.804e-01

kineVar_a_0.400000_b_1.300000
1.437e-03 5.053e-04 3.512e-01

kineVar_a_0.400000_b_1.400000
1.968e-03 1.027e-03 2.505e-01

kineVar_a_0.400000_b_1.500000
2.859e-03 1.617e-03 1.779e-01

kineVar_a_0.400000_b_1.600000
4.249e-03 2.269e-03 1.275e-01

kineVar_a_0.400000_b_1.700000
6.221e-03 2.973e-03 9.306e-02

kineVar_a_0.500000_b_0.500000
4.523e-02 3.239e-02 1.593e-03

kineVar_a_0.500000_b_0.600000
1.199e-02 1.110e-02 1.231e-02

kineVar_a_0.500000_b_0.700000
1.101e-05 3.426e-03 7.865e-02

kineVar_a_0.500000_b_0.800000
4.528e-04 3.538e-04 3.904e-01

kineVar_a_0.500000_b_0.900000
1.338e-04 6.931e-04 7.936e-01

kineVar_a_0.500000_b_1.000000
3.255e-04 1.000e-03 9.210e-01

kineVar_a_0.500000_b_1.100000
3.961e-04 8.260e-04 8.524e-01

kineVar_a_0.500000_b_1.200000
4.615e-04 4.991e-04 7.047e-01

kineVar_a_0.500000_b_1.300000
5.516e-04 1.242e-04 5.455e-01

kineVar_a_0.500000_b_1.400000
7.303e-04 2.955e-04 4.059e-01

kineVar_a_0.500000_b_1.500000
1.110e-03 7.664e-04 2.956e-01

kineVar_a_0.500000_b_1.600000
1.817e-03 1.292e-03 2.139e-01

kineVar_a_0.500000_b_1.700000
2.952e-03 1.871e-03 1.556e-01

kineVar_a_0.600000_b_0.500000
6.708e-02 3.734e-02 1.158e-03

kineVar_a_0.600000_b_0.600000
2.067e-02 1.421e-02 7.795e-03

kineVar_a_0.600000_b_0.700000
1.770e-03 4.828e-03 4.866e-02

kineVar_a_0.600000_b_0.800000
7.145e-04 9.942e-04 2.567e-01

kineVar_a_0.600000_b_0.900000
7.519e-05 4.927e-04 7.020e-01

kineVar_a_0.600000_b_1.000000
1.451e-04 1.130e-03 9.610e-01

kineVar_a_0.600000_b_1.100000
7.939e-05 1.210e-03 9.796e-01

kineVar_a_0.600000_b_1.200000
2.035e-05 8.627e-04 8.680e-01

kineVar_a_0.600000_b_1.300000
8.924e-05 5.126e-04 7.111e-01

kineVar_a_0.600000_b_1.400000
1.058e-04 1.470e-04 5.547e-01

kineVar_a_0.600000_b_1.500000
1.492e-05 2.492e-04 4.196e-01

kineVar_a_0.600000_b_1.600000
2.745e-04 6.860e-04 3.119e-01

kineVar_a_0.600000_b_1.700000
8.597e-04 1.169e-03 2.304e-01

kineVar_a_0.700000_b_0.500000
9.460e-02 4.362e-02 8.078e-04

kineVar_a_0.700000_b_0.600000
3.227e-02 1.877e-02 4.576e-03

kineVar_a_0.700000_b_0.700000
5.219e-03 6.728e-03 2.899e-02

kineVar_a_0.700000_b_0.800000
9.138e-04 1.935e-03 1.515e-01

kineVar_a_0.700000_b_0.900000
5.850e-04 4.191e-05 5.153e-01

kineVar_a_0.700000_b_1.000000
1.553e-04 8.507e-04 8.630e-01

kineVar_a_0.700000_b_1.100000
1.857e-04 1.244e-03 9.858e-01

kineVar_a_0.700000_b_1.200000
3.550e-04 1.062e-03 9.417e-01

kineVar_a_0.700000_b_1.300000
5.128e-04 7.429e-04 8.162e-01

kineVar_a_0.700000_b_1.400000
6.309e-04 4.142e-04 6.670e-01

kineVar_a_0.700000_b_1.500000
6.923e-04 6.648e-05 5.244e-01

kineVar_a_0.700000_b_1.600000
6.462e-04 3.111e-04 4.022e-01

kineVar_a_0.700000_b_1.700000
4.149e-04 7.257e-04 3.042e-01

kineVar_a_0.800000_b_0.500000
1.277e-01 5.135e-02 5.463e-04

kineVar_a_0.800000_b_0.600000
4.712e-02 2.498e-02 2.600e-03

kineVar_a_0.800000_b_0.700000
1.062e-02 9.660e-03 1.571e-02

kineVar_a_0.800000_b_0.800000
7.165e-04 3.320e-03 8.205e-02

kineVar_a_0.800000_b_0.900000
1.406e-03 6.522e-04 3.196e-01

kineVar_a_0.800000_b_1.000000
7.222e-04 4.187e-04 6.690e-01

kineVar_a_0.800000_b_1.100000
5.358e-04 8.891e-04 8.790e-01

kineVar_a_0.800000_b_1.200000
6.510e-04 9.857e-04 9.160e-01

kineVar_a_0.800000_b_1.300000
8.232e-04 8.067e-04 8.444e-01

kineVar_a_0.800000_b_1.400000
9.726e-04 5.397e-04 7.238e-01

kineVar_a_0.800000_b_1.500000
1.089e-03 2.387e-04 5.919e-01

kineVar_a_0.800000_b_1.600000
1.157e-03 9.241e-05 4.690e-01

kineVar_a_0.800000_b_1.700000
1.127e-03 4.570e-04 3.641e-01

kineVar_a_0.900000_b_0.500000
1.657e-01 6.057e-02 3.622e-04

kineVar_a_0.900000_b_0.600000
6.553e-02 3.305e-02 1.468e-03

kineVar_a_0.900000_b_0.700000
1.827e-02 1.391e-02 8.145e-03

kineVar_a_0.900000_b_0.800000
2.363e-04 5.406e-03 4.120e-02

kineVar_a_0.900000_b_0.900000
2.416e-03 1.694e-03 1.722e-01

kineVar_a_0.900000_b_1.000000
1.650e-03 1.669e-04 4.453e-01

kineVar_a_0.900000_b_1.100000
1.110e-03 4.750e-04 6.944e-01

kineVar_a_0.900000_b_1.200000
1.034e-03 7.153e-04 8.040e-01

kineVar_a_0.900000_b_1.300000
1.136e-03 6.959e-04 7.953e-01

kineVar_a_0.900000_b_1.400000
1.258e-03 5.275e-04 7.183e-01

kineVar_a_0.900000_b_1.500000
1.361e-03 2.878e-04 6.125e-01

kineVar_a_0.900000_b_1.600000
1.446e-03 4.259e-06 5.022e-01

kineVar_a_0.900000_b_1.700000
1.492e-03 3.169e-04 4.010e-01

kineVar_a_1.000000_b_0.500000
2.079e-01 7.078e-02 2.407e-04

kineVar_a_1.000000_b_0.600000
8.773e-02 4.308e-02 8.401e-04

kineVar_a_1.000000_b_0.700000
2.864e-02 1.962e-02 4.248e-03

kineVar_a_1.000000_b_0.800000
2.452e-03 8.393e-03 2.027e-02

kineVar_a_1.000000_b_0.900000
3.345e-03 3.241e-03 8.502e-02

kineVar_a_1.000000_b_1.000000
2.915e-03 1.004e-03 2.559e-01

kineVar_a_1.000000_b_1.100000
1.989e-03 5.205e-05 4.829e-01

kineVar_a_1.000000_b_1.200000
1.599e-03 3.440e-04 6.366e-01

kineVar_a_1.000000_b_1.300000
1.544e-03 4.524e-04 6.844e-01

kineVar_a_1.000000_b_1.400000
1.585e-03 3.885e-04 6.560e-01

kineVar_a_1.000000_b_1.500000
1.629e-03 2.225e-04 5.855e-01

kineVar_a_1.000000_b_1.600000
1.668e-03 6.970e-06 4.984e-01

kineVar_a_1.000000_b_1.700000
1.699e-03 2.838e-04 4.104e-01

kineVar_a_1.100000_b_0.500000
2.537e-01 8.091e-02 1.643e-04

kineVar_a_1.100000_b_0.600000
1.138e-01 5.484e-02 4.962e-04

kineVar_a_1.100000_b_0.700000
4.232e-02 2.694e-02 2.277e-03

kineVar_a_1.100000_b_0.800000
6.623e-03 1.242e-02 1.021e-02

kineVar_a_1.100000_b_0.900000
3.717e-03 5.436e-03 4.118e-02

kineVar_a_1.100000_b_1.000000
4.331e-03 2.224e-03 1.322e-01

kineVar_a_1.100000_b_1.100000
3.158e-03 7.777e-04 2.952e-01

kineVar_a_1.100000_b_1.200000
2.385e-03 1.428e-04 4.532e-01

kineVar_a_1.100000_b_1.300000
2.095e-03 1.014e-04 5.382e-01

kineVar_a_1.100000_b_1.400000
2.011e-03 1.385e-04 5.523e-01

kineVar_a_1.100000_b_1.500000
1.968e-03 5.058e-05 5.192e-01

kineVar_a_1.100000_b_1.600000
1.927e-03 1.199e-04 4.604e-01

kineVar_a_1.100000_b_1.700000
1.891e-03 3.501e-04 3.921e-01

kineVar_a_1.200000_b_0.500000
3.028e-01 8.979e-02 1.169e-04

kineVar_a_1.200000_b_0.600000
1.438e-01 6.764e-02 3.073e-04

kineVar_a_1.200000_b_0.700000
5.974e-02 3.590e-02 1.268e-03

kineVar_a_1.200000_b_0.800000
1.355e-02 1.759e-02 5.362e-03

kineVar_a_1.200000_b_0.900000
2.831e-03 8.376e-03 2.055e-02

kineVar_a_1.200000_b_1.000000
5.507e-03 3.948e-03 6.571e-02

kineVar_a_1.200000_b_1.100000
4.463e-03 1.810e-03 1.626e-01

kineVar_a_1.200000_b_1.200000
3.345e-03 8.033e-04 2.905e-01

kineVar_a_1.200000_b_1.300000
2.779e-03 3.710e-04 3.869e-01

kineVar_a_1.200000_b_1.400000
2.544e-03 2.218e-04 4.289e-01

kineVar_a_1.200000_b_1.500000
2.405e-03 2.267e-04 4.274e-01

kineVar_a_1.200000_b_1.600000
2.276e-03 3.330e-04 3.969e-01

kineVar_a_1.200000_b_1.700000
2.151e-03 5.141e-04 3.507e-01

kineVar_a_1.300000_b_0.500000
3.547e-01 9.645e-02 8.693e-05

kineVar_a_1.300000_b_0.600000
1.779e-01 8.055e-02 2.012e-04

kineVar_a_1.300000_b_0.700000
8.118e-02 4.629e-02 7.415e-04

kineVar_a_1.300000_b_0.800000
2.397e-02 2.399e-02 2.944e-03

kineVar_a_1.300000_b_0.900000
1.607e-04 1.212e-02 1.079e-02

kineVar_a_1.300000_b_1.000000
5.831e-03 6.253e-03 3.328e-02

kineVar_a_1.300000_b_1.100000
5.574e-03 3.253e-03 8.497e-02

kineVar_a_1.300000_b_1.200000
4.320e-03 1.718e-03 1.706e-01

kineVar_a_1.300000_b_1.300000
3.510e-03 1.005e-03 2.561e-01

kineVar_a_1.300000_b_1.400000
3.133e-03 7.117e-04 3.081e-01

kineVar_a_1.300000_b_1.500000
2.918e-03 6.227e-04 3.265e-01

kineVar_a_1.300000_b_1.600000
2.718e-03 6.555e-04 3.195e-01

kineVar_a_1.300000_b_1.700000
2.509e-03 7.798e-04 2.946e-01

kineVar_a_1.400000_b_0.500000
4.092e-01 1.003e-01 6.748e-05

kineVar_a_1.400000_b_0.600000
2.160e-01 9.252e-02 1.393e-04

kineVar_a_1.400000_b_0.700000
1.068e-01 5.765e-02 4.571e-04

kineVar_a_1.400000_b_0.800000
3.838e-02 3.163e-02 1.691e-03

kineVar_a_1.400000_b_0.900000
6.101e-03 1.672e-02 5.972e-03

kineVar_a_1.400000_b_1.000000
4.531e-03 9.172e-03 1.769e-02

kineVar_a_1.400000_b_1.100000
5.980e-03 5.180e-03 4.448e-02

kineVar_a_1.400000_b_1.200000
5.010e-03 2.970e-03 9.509e-02

kineVar_a_1.400000_b_1.300000
4.102e-03 1.855e-03 1.587e-01

kineVar_a_1.400000_b_1.400000
3.653e-03 1.362e-03 2.072e-01

kineVar_a_1.400000_b_1.500000
3.425e-03 1.164e-03 2.326e-01

kineVar_a_1.400000_b_1.600000
3.209e-03 1.112e-03 2.398e-01

kineVar_a_1.400000_b_1.700000
2.952e-03 1.165e-03 2.322e-01

kineVar_a_1.500000_b_0.500000
4.653e-01 1.011e-01 5.438e-05

kineVar_a_1.500000_b_0.600000
2.584e-01 1.026e-01 1.016e-04

kineVar_a_1.500000_b_0.700000
1.367e-01 6.936e-02 2.975e-04

kineVar_a_1.500000_b_0.800000
5.709e-02 4.040e-02 1.016e-03

kineVar_a_1.500000_b_0.900000
1.569e-02 2.220e-02 3.462e-03

kineVar_a_1.500000_b_1.000000
7.912e-04 1.272e-02 9.931e-03

kineVar_a_1.500000_b_1.100000
5.027e-03 7.629e-03 2.411e-02

kineVar_a_1.500000_b_1.200000
4.979e-03 4.632e-03 5.236e-02

kineVar_a_1.500000_b_1.300000
4.268e-03 2.983e-03 9.448e-02

kineVar_a_1.500000_b_1.400000
3.897e-03 2.210e-03 1.330e-01

kineVar_a_1.500000_b_1.500000
3.777e-03 1.879e-03 1.567e-01

kineVar_a_1.500000_b_1.600000
3.653e-03 1.738e-03 1.686e-01

kineVar_a_1.500000_b_1.700000
3.425e-03 1.707e-03 1.713e-01

kineVar_a_1.600000_b_0.500000
5.222e-01 9.906e-02 4.523e-05

kineVar_a_1.600000_b_0.600000
3.049e-01 1.102e-01 7.756e-05

kineVar_a_1.600000_b_0.700000
1.709e-01 8.068e-02 2.040e-04

kineVar_a_1.600000_b_0.800000
8.023e-02 5.002e-02 6.391e-04

kineVar_a_1.600000_b_0.900000
2.939e-02 2.858e-02 2.089e-03

kineVar_a_1.600000_b_1.000000
6.117e-03 1.689e-02 5.861e-03

kineVar_a_1.600000_b_1.100000
2.006e-03 1.061e-02 1.371e-02

kineVar_a_1.600000_b_1.200000
3.687e-03 6.751e-03 2.933e-02

kineVar_a_1.600000_b_1.300000
3.622e-03 4.446e-03 5.540e-02

kineVar_a_1.600000_b_1.400000
3.576e-03 3.290e-03 8.341e-02

kineVar_a_1.600000_b_1.500000
3.751e-03 2.791e-03 1.023e-01

kineVar_a_1.600000_b_1.600000
3.890e-03 2.565e-03 1.129e-01

kineVar_a_1.600000_b_1.700000
3.830e-03 2.451e-03 1.188e-01

