kineVar_a_0.400000_b_0.500000
1.073e-02 4.990e-03 4.555e-02

kineVar_a_0.400000_b_0.600000
2.319e-03 9.695e-04 2.595e-01

kineVar_a_0.400000_b_0.700000
9.420e-04 1.738e-04 5.647e-01

kineVar_a_0.400000_b_0.800000
1.350e-04 1.964e-04 5.743e-01

kineVar_a_0.400000_b_0.900000
1.058e-03 2.364e-04 4.238e-01

kineVar_a_0.400000_b_1.000000
9.619e-04 8.519e-04 2.807e-01

kineVar_a_0.400000_b_1.100000
6.345e-04 1.578e-03 1.824e-01

kineVar_a_0.400000_b_1.200000
3.721e-03 2.410e-03 1.195e-01

kineVar_a_0.400000_b_1.300000
8.015e-03 3.360e-03 7.948e-02

kineVar_a_0.400000_b_1.400000
1.311e-02 4.430e-03 5.395e-02

kineVar_a_0.400000_b_1.500000
1.864e-02 5.621e-03 3.746e-02

kineVar_a_0.400000_b_1.600000
2.433e-02 6.933e-03 2.659e-02

kineVar_a_0.400000_b_1.700000
2.994e-02 8.372e-03 1.927e-02

kineVar_a_0.500000_b_0.500000
1.208e-02 6.902e-03 2.745e-02

kineVar_a_0.500000_b_0.600000
2.225e-03 1.242e-03 2.201e-01

kineVar_a_0.500000_b_0.700000
8.868e-04 4.016e-04 6.607e-01

kineVar_a_0.500000_b_0.800000
1.190e-04 7.342e-04 8.122e-01

kineVar_a_0.500000_b_0.900000
7.987e-04 4.485e-04 6.823e-01

kineVar_a_0.500000_b_1.000000
1.222e-03 3.296e-05 4.891e-01

kineVar_a_0.500000_b_1.100000
6.775e-04 6.142e-04 3.274e-01

kineVar_a_0.500000_b_1.200000
9.675e-04 1.296e-03 2.137e-01

kineVar_a_0.500000_b_1.300000
3.594e-03 2.089e-03 1.392e-01

kineVar_a_0.500000_b_1.400000
6.987e-03 2.994e-03 9.214e-02

kineVar_a_0.500000_b_1.500000
1.093e-02 4.001e-03 6.255e-02

kineVar_a_0.500000_b_1.600000
1.524e-02 5.104e-03 4.365e-02

kineVar_a_0.500000_b_1.700000
1.973e-02 6.311e-03 3.120e-02

kineVar_a_0.600000_b_0.500000
1.254e-02 1.044e-02 1.370e-02

kineVar_a_0.600000_b_0.600000
1.880e-03 2.044e-03 1.428e-01

kineVar_a_0.600000_b_0.700000
7.335e-04 2.913e-04 6.130e-01

kineVar_a_0.600000_b_0.800000
3.185e-04 1.033e-03 9.323e-01

kineVar_a_0.600000_b_0.900000
4.813e-04 9.019e-04 8.841e-01

kineVar_a_0.600000_b_1.000000
1.117e-03 4.635e-04 6.892e-01

kineVar_a_0.600000_b_1.100000
1.151e-03 3.567e-05 4.881e-01

kineVar_a_0.600000_b_1.200000
4.058e-04 6.066e-04 3.289e-01

kineVar_a_0.600000_b_1.300000
1.087e-03 1.272e-03 2.167e-01

kineVar_a_0.600000_b_1.400000
3.201e-03 2.041e-03 1.427e-01

kineVar_a_0.600000_b_1.500000
5.816e-03 2.909e-03 9.566e-02

kineVar_a_0.600000_b_1.600000
8.841e-03 3.862e-03 6.594e-02

kineVar_a_0.600000_b_1.700000
1.219e-02 4.894e-03 4.675e-02

kineVar_a_0.700000_b_0.500000
1.130e-02 1.595e-02 6.443e-03

kineVar_a_0.700000_b_0.600000
7.687e-04 3.601e-03 7.354e-02

kineVar_a_0.700000_b_0.700000
3.691e-04 1.157e-04 4.606e-01

kineVar_a_0.700000_b_0.800000
4.271e-04 9.748e-04 9.119e-01

kineVar_a_0.700000_b_0.900000
1.963e-04 1.257e-03 9.878e-01

kineVar_a_0.700000_b_1.000000
8.889e-04 7.936e-04 8.388e-01

kineVar_a_0.700000_b_1.100000
1.210e-03 3.348e-04 6.324e-01

kineVar_a_0.700000_b_1.200000
9.692e-04 1.623e-04 4.464e-01

kineVar_a_0.700000_b_1.300000
1.622e-04 7.301e-04 3.032e-01

kineVar_a_0.700000_b_1.400000
1.120e-03 1.390e-03 2.024e-01

kineVar_a_0.700000_b_1.500000
2.784e-03 2.146e-03 1.356e-01

kineVar_a_0.700000_b_1.600000
4.785e-03 2.988e-03 9.274e-02

kineVar_a_0.700000_b_1.700000
7.109e-03 3.902e-03 6.521e-02

kineVar_a_0.800000_b_0.500000
8.095e-03 2.393e-02 3.055e-03

kineVar_a_0.800000_b_0.600000
2.025e-03 6.604e-03 3.029e-02

kineVar_a_0.800000_b_0.700000
4.974e-04 9.177e-04 2.691e-01

kineVar_a_0.800000_b_0.800000
4.300e-04 6.388e-04 7.687e-01

kineVar_a_0.800000_b_0.900000
3.810e-05 1.194e-03 9.763e-01

kineVar_a_0.800000_b_1.000000
6.582e-04 9.683e-04 9.097e-01

kineVar_a_0.800000_b_1.100000
1.125e-03 5.587e-04 7.325e-01

kineVar_a_0.800000_b_1.200000
1.161e-03 1.188e-04 5.443e-01

kineVar_a_0.800000_b_1.300000
7.382e-04 3.736e-04 3.852e-01

kineVar_a_0.800000_b_1.400000
6.323e-05 9.425e-04 2.647e-01

kineVar_a_0.800000_b_1.500000
1.144e-03 1.602e-03 1.799e-01

kineVar_a_0.800000_b_1.600000
2.450e-03 2.351e-03 1.231e-01

kineVar_a_0.800000_b_1.700000
3.988e-03 3.176e-03 8.605e-02

kineVar_a_0.900000_b_0.500000
3.781e-03 3.460e-02 1.528e-03

kineVar_a_0.900000_b_0.600000
7.655e-03 1.258e-02 1.026e-02

kineVar_a_0.900000_b_0.700000
2.610e-03 2.773e-03 1.029e-01

kineVar_a_0.900000_b_0.800000
2.104e-04 1.119e-04 5.410e-01

kineVar_a_0.900000_b_0.900000
2.415e-04 8.462e-04 8.610e-01

kineVar_a_0.900000_b_1.000000
4.513e-04 9.221e-04 8.921e-01

kineVar_a_0.900000_b_1.100000
1.026e-03 6.427e-04 7.710e-01

kineVar_a_0.900000_b_1.200000
1.234e-03 2.689e-04 6.045e-01

kineVar_a_0.900000_b_1.300000
1.036e-03 1.593e-04 4.473e-01

kineVar_a_0.900000_b_1.400000
4.952e-04 6.525e-04 3.191e-01

kineVar_a_0.900000_b_1.500000
2.781e-04 1.227e-03 2.227e-01

kineVar_a_0.900000_b_1.600000
1.196e-03 1.890e-03 1.545e-01

kineVar_a_0.900000_b_1.700000
2.237e-03 2.636e-03 1.082e-01

kineVar_a_1.000000_b_0.500000
6.916e-04 4.729e-02 8.413e-04

kineVar_a_1.000000_b_0.600000
1.679e-02 2.314e-02 3.417e-03

kineVar_a_1.000000_b_0.700000
7.333e-03 7.397e-03 2.547e-02

kineVar_a_1.000000_b_0.800000
6.528e-04 9.620e-04 2.618e-01

kineVar_a_1.000000_b_0.900000
3.962e-04 4.285e-04 6.729e-01

kineVar_a_1.000000_b_1.000000
2.441e-04 6.976e-04 7.958e-01

kineVar_a_1.000000_b_1.100000
9.424e-04 5.841e-04 7.441e-01

kineVar_a_1.000000_b_1.200000
1.303e-03 2.996e-04 6.175e-01

kineVar_a_1.000000_b_1.300000
1.270e-03 6.569e-05 4.779e-01

kineVar_a_1.000000_b_1.400000
8.925e-04 4.952e-04 3.547e-01

kineVar_a_1.000000_b_1.500000
2.747e-04 9.961e-04 2.562e-01

kineVar_a_1.000000_b_1.600000
4.710e-04 1.580e-03 1.822e-01

kineVar_a_1.000000_b_1.700000
1.273e-03 2.251e-03 1.293e-01

kineVar_a_1.100000_b_0.500000
2.185e-03 6.050e-02 5.192e-04

kineVar_a_1.100000_b_0.600000
2.845e-02 3.827e-02 1.341e-03

kineVar_a_1.100000_b_0.700000
1.631e-02 1.699e-02 6.064e-03

kineVar_a_1.100000_b_0.800000
3.102e-03 3.729e-03 7.069e-02

kineVar_a_1.100000_b_0.900000
3.317e-04 2.039e-04 4.329e-01

kineVar_a_1.100000_b_1.000000
1.336e-05 3.664e-04 6.456e-01

kineVar_a_1.100000_b_1.100000
8.569e-04 3.998e-04 6.607e-01

kineVar_a_1.100000_b_1.200000
1.396e-03 2.180e-04 5.836e-01

kineVar_a_1.100000_b_1.300000
1.526e-03 8.041e-05 4.731e-01

kineVar_a_1.100000_b_1.400000
1.294e-03 4.556e-04 3.645e-01

kineVar_a_1.100000_b_1.500000
7.886e-04 8.972e-04 2.727e-01

kineVar_a_1.100000_b_1.600000
1.178e-04 1.412e-03 2.003e-01

kineVar_a_1.100000_b_1.700000
6.126e-04 2.009e-03 1.456e-01

kineVar_a_1.200000_b_0.500000
1.144e-02 7.287e-02 3.541e-04

kineVar_a_1.200000_b_0.600000
3.932e-02 5.558e-02 6.645e-04

kineVar_a_1.200000_b_0.700000
3.034e-02 3.289e-02 1.801e-03

kineVar_a_1.200000_b_0.800000
8.585e-03 1.000e-02 1.537e-02

kineVar_a_1.200000_b_0.900000
4.145e-04 1.570e-03 1.835e-01

kineVar_a_1.200000_b_1.000000
2.064e-04 8.778e-05 4.698e-01

kineVar_a_1.200000_b_1.100000
7.354e-04 1.064e-04 5.394e-01

kineVar_a_1.200000_b_1.200000
1.498e-03 2.821e-05 5.108e-01

kineVar_a_1.200000_b_1.300000
1.817e-03 1.968e-04 4.361e-01

kineVar_a_1.200000_b_1.400000
1.749e-03 5.237e-04 3.483e-01

kineVar_a_1.200000_b_1.500000
1.377e-03 9.226e-04 2.686e-01

kineVar_a_1.200000_b_1.600000
7.831e-04 1.383e-03 2.038e-01

kineVar_a_1.200000_b_1.700000
6.882e-05 1.914e-03 1.530e-01

kineVar_a_1.300000_b_0.500000
3.044e-02 8.380e-02 2.589e-04

kineVar_a_1.300000_b_0.600000
4.443e-02 7.117e-02 4.139e-04

kineVar_a_1.300000_b_0.700000
4.803e-02 5.431e-02 7.069e-04

kineVar_a_1.300000_b_0.800000
1.849e-02 2.153e-02 3.925e-03

kineVar_a_1.300000_b_0.900000
2.663e-03 4.761e-03 5.009e-02

kineVar_a_1.300000_b_1.000000
2.587e-04 8.096e-04 2.879e-01

kineVar_a_1.300000_b_1.100000
5.531e-04 3.018e-04 4.047e-01

kineVar_a_1.300000_b_1.200000
1.575e-03 2.739e-04 4.132e-01

kineVar_a_1.300000_b_1.300000
2.125e-03 4.167e-04 3.747e-01

kineVar_a_1.300000_b_1.400000
2.244e-03 6.918e-04 3.117e-01

kineVar_a_1.300000_b_1.500000
2.044e-03 1.064e-03 2.464e-01

kineVar_a_1.300000_b_1.600000
1.585e-03 1.495e-03 1.916e-01

kineVar_a_1.300000_b_1.700000
9.259e-04 1.975e-03 1.486e-01

kineVar_a_1.400000_b_0.500000
5.966e-02 9.329e-02 1.972e-04

kineVar_a_1.400000_b_0.600000
3.903e-02 8.149e-02 3.141e-04

kineVar_a_1.400000_b_0.700000
6.513e-02 7.772e-02 3.622e-04

kineVar_a_1.400000_b_0.800000
3.308e-02 3.899e-02 1.306e-03

kineVar_a_1.400000_b_0.900000
7.415e-03 1.110e-02 1.279e-02

kineVar_a_1.400000_b_1.000000
1.840e-04 2.224e-03 1.313e-01

kineVar_a_1.400000_b_1.100000
3.172e-04 8.634e-04 2.784e-01

kineVar_a_1.400000_b_1.200000
1.583e-03 7.002e-04 3.098e-01

kineVar_a_1.400000_b_1.300000
2.416e-03 7.540e-04 2.995e-01

kineVar_a_1.400000_b_1.400000
2.743e-03 9.599e-04 2.630e-01

kineVar_a_1.400000_b_1.500000
2.738e-03 1.309e-03 2.133e-01

kineVar_a_1.400000_b_1.600000
2.477e-03 1.740e-03 1.681e-01

kineVar_a_1.400000_b_1.700000
1.965e-03 2.201e-03 1.332e-01

kineVar_a_1.500000_b_0.500000
9.840e-02 1.013e-01 1.540e-04

kineVar_a_1.500000_b_0.600000
2.046e-02 8.522e-02 2.774e-04

kineVar_a_1.500000_b_0.700000
7.561e-02 9.787e-02 2.347e-04

kineVar_a_1.500000_b_0.800000
5.043e-02 6.100e-02 5.663e-04

kineVar_a_1.500000_b_0.900000
1.532e-02 2.157e-02 3.888e-03

kineVar_a_1.500000_b_1.000000
1.586e-03 5.075e-03 4.547e-02

kineVar_a_1.500000_b_1.100000
9.069e-05 1.686e-03 1.723e-01

kineVar_a_1.500000_b_1.200000
1.470e-03 1.268e-03 2.180e-01

kineVar_a_1.500000_b_1.300000
2.644e-03 1.227e-03 2.237e-01

kineVar_a_1.500000_b_1.400000
3.209e-03 1.342e-03 2.095e-01

kineVar_a_1.500000_b_1.500000
3.397e-03 1.646e-03 1.770e-01

kineVar_a_1.500000_b_1.600000
3.363e-03 2.093e-03 1.407e-01

kineVar_a_1.500000_b_1.700000
3.088e-03 2.580e-03 1.120e-01

kineVar_a_1.600000_b_0.500000
1.454e-01 1.076e-01 1.230e-04

kineVar_a_1.600000_b_0.600000
1.120e-02 8.382e-02 2.691e-04

kineVar_a_1.600000_b_0.700000
7.382e-02 1.100e-01 1.859e-04

kineVar_a_1.600000_b_0.800000
6.628e-02 8.389e-02 3.124e-04

kineVar_a_1.600000_b_0.900000
2.595e-02 3.613e-02 1.492e-03

kineVar_a_1.600000_b_1.000000
4.355e-03 1.011e-02 1.497e-02

kineVar_a_1.600000_b_1.100000
4.916e-06 3.009e-03 9.275e-02

kineVar_a_1.600000_b_1.200000
1.187e-03 2.011e-03 1.460e-01

kineVar_a_1.600000_b_1.300000
2.744e-03 1.849e-03 1.589e-01

kineVar_a_1.600000_b_1.400000
3.602e-03 1.861e-03 1.581e-01

kineVar_a_1.600000_b_1.500000
3.973e-03 2.079e-03 1.418e-01

kineVar_a_1.600000_b_1.600000
4.148e-03 2.522e-03 1.151e-01

kineVar_a_1.600000_b_1.700000
4.154e-03 3.069e-03 9.119e-02

