kineVar_a_0.200000_b_0.100000
9.841e-01 1.653e-03 3.594e-05

kineVar_a_0.200000_b_0.400000
1.705e-02 2.449e-01 1.598e-05

kineVar_a_0.200000_b_0.600000
5.052e-02 1.622e-01 4.145e-05

kineVar_a_0.200000_b_0.800000
1.275e-03 3.298e-02 8.673e-04

kineVar_a_0.200000_b_1.000000
3.635e-03 3.816e-03 4.104e-02

kineVar_a_0.200000_b_1.200000
2.135e-03 3.673e-04 3.475e-01

kineVar_a_0.200000_b_1.400000
6.942e-04 1.468e-04 5.784e-01

kineVar_a_0.200000_b_1.600000
1.534e-05 8.594e-05 5.448e-01

kineVar_a_0.200000_b_1.800000
4.505e-04 2.213e-04 4.016e-01

kineVar_a_0.400000_b_0.100000
9.941e-01 1.811e-04 2.478e-05

kineVar_a_0.400000_b_0.400000
2.981e-02 2.855e-01 1.147e-05

kineVar_a_0.400000_b_0.600000
1.188e-01 2.670e-01 1.742e-05

kineVar_a_0.400000_b_0.800000
2.766e-02 8.312e-02 1.492e-04

kineVar_a_0.400000_b_1.000000
7.781e-04 1.315e-02 4.975e-03

kineVar_a_0.400000_b_1.200000
2.033e-03 1.217e-03 1.685e-01

kineVar_a_0.400000_b_1.400000
8.417e-04 3.572e-04 7.073e-01

kineVar_a_0.400000_b_1.600000
2.036e-04 7.678e-04 9.488e-01

kineVar_a_0.400000_b_1.800000
1.258e-04 6.734e-04 9.036e-01

kineVar_a_0.600000_b_0.100000
9.979e-01 4.961e-04 1.725e-05

kineVar_a_0.600000_b_0.400000
9.833e-02 3.211e-01 7.837e-06

kineVar_a_0.600000_b_0.600000
1.555e-01 3.239e-01 1.265e-05

kineVar_a_0.600000_b_0.800000
6.184e-02 1.395e-01 5.712e-05

kineVar_a_0.600000_b_1.000000
9.335e-03 3.003e-02 1.057e-03

kineVar_a_0.600000_b_1.200000
2.133e-04 4.378e-03 3.341e-02

kineVar_a_0.600000_b_1.400000
4.638e-04 4.069e-04 3.354e-01

kineVar_a_0.600000_b_1.600000
1.568e-04 4.660e-04 7.781e-01

kineVar_a_0.600000_b_1.800000
7.494e-05 7.869e-04 9.566e-01

kineVar_a_0.800000_b_0.100000
9.993e-01 7.969e-04 1.264e-05

kineVar_a_0.800000_b_0.400000
2.234e-01 3.378e-01 5.254e-06

kineVar_a_0.800000_b_0.600000
1.425e-01 3.471e-01 1.077e-05

kineVar_a_0.800000_b_0.800000
9.330e-02 1.852e-01 3.449e-05

kineVar_a_0.800000_b_1.000000
2.543e-02 5.360e-02 3.526e-04

kineVar_a_0.800000_b_1.200000
6.546e-03 1.140e-02 6.550e-03

kineVar_a_0.800000_b_1.400000
2.784e-03 2.743e-03 6.695e-02

kineVar_a_0.800000_b_1.600000
9.417e-04 4.539e-04 3.216e-01

kineVar_a_0.800000_b_1.800000
3.672e-04 2.038e-04 6.122e-01

kineVar_a_1.000000_b_0.100000
9.998e-01 9.223e-04 9.750e-06

kineVar_a_1.000000_b_0.400000
3.872e-01 3.109e-01 3.859e-06

kineVar_a_1.000000_b_0.600000
7.406e-02 3.714e-01 8.317e-06

kineVar_a_1.000000_b_0.800000
1.056e-01 2.273e-01 2.345e-05

kineVar_a_1.000000_b_1.000000
4.904e-02 8.725e-02 1.413e-04

kineVar_a_1.000000_b_1.200000
2.107e-02 2.604e-02 1.424e-03

kineVar_a_1.000000_b_1.400000
1.232e-02 9.013e-03 1.012e-02

kineVar_a_1.000000_b_1.600000
5.290e-03 2.912e-03 6.194e-02

kineVar_a_1.000000_b_1.800000
1.841e-03 8.685e-04 2.233e-01

kineVar_a_1.200000_b_0.100000
9.999e-01 9.715e-04 7.855e-06

kineVar_a_1.200000_b_0.400000
5.580e-01 2.490e-01 3.125e-06

kineVar_a_1.200000_b_0.600000
4.727e-02 3.892e-01 5.963e-06

kineVar_a_1.200000_b_0.800000
8.389e-02 2.806e-01 1.481e-05

kineVar_a_1.200000_b_1.000000
6.987e-02 1.395e-01 5.799e-05

kineVar_a_1.200000_b_1.200000
3.943e-02 5.162e-02 3.900e-04

kineVar_a_1.200000_b_1.400000
2.840e-02 2.134e-02 2.115e-03

kineVar_a_1.200000_b_1.600000
1.503e-02 8.850e-03 1.051e-02

kineVar_a_1.200000_b_1.800000
6.107e-03 3.437e-03 4.890e-02

kineVar_a_1.400000_b_0.100000
1.000e+00 9.899e-04 6.547e-06

kineVar_a_1.400000_b_0.400000
7.072e-01 1.767e-01 2.715e-06

kineVar_a_1.400000_b_0.600000
2.081e-01 3.754e-01 4.427e-06

kineVar_a_1.400000_b_0.800000
1.909e-02 3.339e-01 9.259e-06

kineVar_a_1.400000_b_1.000000
7.423e-02 2.118e-01 2.547e-05

kineVar_a_1.400000_b_1.200000
5.178e-02 9.121e-02 1.301e-04

kineVar_a_1.400000_b_1.400000
4.469e-02 4.115e-02 6.141e-04

kineVar_a_1.400000_b_1.600000
2.851e-02 1.958e-02 2.490e-03

kineVar_a_1.400000_b_1.800000
1.365e-02 8.916e-03 1.034e-02

kineVar_a_1.600000_b_0.100000
1.000e+00 9.966e-04 5.603e-06

kineVar_a_1.600000_b_0.400000
8.203e-01 1.133e-01 2.473e-06

kineVar_a_1.600000_b_0.600000
3.854e-01 3.262e-01 3.527e-06

kineVar_a_1.600000_b_0.800000
8.937e-02 3.625e-01 6.276e-06

kineVar_a_1.600000_b_1.000000
5.032e-02 2.900e-01 1.303e-05

kineVar_a_1.600000_b_1.200000
4.837e-02 1.440e-01 5.225e-05

kineVar_a_1.600000_b_1.400000
5.217e-02 7.022e-02 2.182e-04

kineVar_a_1.600000_b_1.600000
3.950e-02 3.581e-02 7.967e-04

kineVar_a_1.600000_b_1.800000
2.198e-02 1.833e-02 2.786e-03

kineVar_a_1.800000_b_0.100000
1.000e+00 9.988e-04 4.894e-06

kineVar_a_1.800000_b_0.400000
8.970e-01 6.658e-02 2.325e-06

kineVar_a_1.800000_b_0.600000
5.543e-01 2.567e-01 2.992e-06

kineVar_a_1.800000_b_0.800000
2.309e-01 3.545e-01 4.679e-06

kineVar_a_1.800000_b_1.000000
9.791e-03 3.516e-01 7.885e-06

kineVar_a_1.800000_b_1.200000
2.080e-02 2.017e-01 2.537e-05

kineVar_a_1.800000_b_1.400000
4.372e-02 1.083e-01 9.116e-05

kineVar_a_1.800000_b_1.600000
4.083e-02 5.835e-02 3.074e-04

kineVar_a_1.800000_b_1.800000
2.628e-02 3.229e-02 9.495e-04

