kineVar_a_0.200000_b_0.100000
5.519e-01 3.370e-02 1.667e-04

kineVar_a_0.200000_b_0.400000
5.408e-02 2.106e-02 1.835e-03

kineVar_a_0.200000_b_0.600000
9.399e-02 3.499e-02 6.334e-04

kineVar_a_0.200000_b_0.800000
1.237e-01 7.095e-02 1.483e-04

kineVar_a_0.200000_b_1.000000
1.176e-01 1.251e-01 4.900e-05

kineVar_a_0.200000_b_1.200000
1.185e-01 1.746e-01 2.520e-05

kineVar_a_0.200000_b_1.400000
1.488e-01 2.114e-01 1.606e-05

kineVar_a_0.200000_b_1.600000
2.124e-01 2.313e-01 1.149e-05

kineVar_a_0.200000_b_1.800000
2.991e-01 2.319e-01 9.058e-06

kineVar_a_0.400000_b_0.100000
6.454e-01 2.869e-02 1.427e-04

kineVar_a_0.400000_b_0.400000
2.692e-02 1.987e-02 2.169e-03

kineVar_a_0.400000_b_0.600000
4.452e-02 3.941e-02 5.587e-04

kineVar_a_0.400000_b_0.800000
9.936e-02 5.256e-02 2.827e-04

kineVar_a_0.400000_b_1.000000
1.130e-01 9.440e-02 8.645e-05

kineVar_a_0.400000_b_1.200000
1.152e-01 1.429e-01 3.782e-05

kineVar_a_0.400000_b_1.400000
1.444e-01 1.847e-01 2.122e-05

kineVar_a_0.400000_b_1.600000
2.063e-01 2.084e-01 1.437e-05

kineVar_a_0.400000_b_1.800000
2.904e-01 2.155e-01 1.074e-05

kineVar_a_0.600000_b_0.100000
7.383e-01 2.134e-02 1.372e-04

kineVar_a_0.600000_b_0.400000
1.266e-02 1.395e-02 4.340e-03

kineVar_a_0.600000_b_0.600000
1.713e-02 6.679e-02 2.251e-04

kineVar_a_0.600000_b_0.800000
6.575e-02 4.086e-02 4.979e-04

kineVar_a_0.600000_b_1.000000
9.427e-02 7.286e-02 1.503e-04

kineVar_a_0.600000_b_1.200000
1.084e-01 1.130e-01 6.117e-05

kineVar_a_0.600000_b_1.400000
1.278e-01 1.567e-01 3.058e-05

kineVar_a_0.600000_b_1.600000
1.827e-01 1.899e-01 1.833e-05

kineVar_a_0.600000_b_1.800000
2.651e-01 2.048e-01 1.275e-05

kineVar_a_0.800000_b_0.100000
8.159e-01 1.519e-02 1.294e-04

kineVar_a_0.800000_b_0.400000
7.046e-03 5.563e-03 2.238e-02

kineVar_a_0.800000_b_0.600000
5.694e-02 8.235e-02 1.608e-04

kineVar_a_0.800000_b_0.800000
1.359e-02 4.757e-02 4.122e-04

kineVar_a_0.800000_b_1.000000
7.612e-02 5.078e-02 3.182e-04

kineVar_a_0.800000_b_1.200000
9.271e-02 8.780e-02 1.044e-04

kineVar_a_0.800000_b_1.400000
1.109e-01 1.284e-01 4.718e-05

kineVar_a_0.800000_b_1.600000
1.619e-01 1.621e-01 2.641e-05

kineVar_a_0.800000_b_1.800000
2.279e-01 1.900e-01 1.634e-05

kineVar_a_1.000000_b_0.100000
8.766e-01 1.042e-02 1.169e-04

kineVar_a_1.000000_b_0.400000
4.035e-03 1.343e-03 1.531e-01

kineVar_a_1.000000_b_0.600000
3.857e-02 5.138e-02 3.930e-04

kineVar_a_1.000000_b_0.800000
3.412e-02 5.963e-02 2.909e-04

kineVar_a_1.000000_b_1.000000
4.112e-02 3.952e-02 5.596e-04

kineVar_a_1.000000_b_1.200000
7.119e-02 6.611e-02 1.915e-04

kineVar_a_1.000000_b_1.400000
9.202e-02 1.013e-01 7.873e-05

kineVar_a_1.000000_b_1.600000
1.334e-01 1.357e-01 4.020e-05

kineVar_a_1.000000_b_1.800000
1.957e-01 1.652e-01 2.341e-05

kineVar_a_1.200000_b_0.100000
9.207e-01 6.984e-03 9.869e-05

kineVar_a_1.200000_b_0.400000
1.453e-03 9.175e-05 4.555e-01

kineVar_a_1.200000_b_0.600000
9.582e-03 1.442e-02 4.269e-03

kineVar_a_1.200000_b_0.800000
3.269e-02 4.010e-02 6.310e-04

kineVar_a_1.200000_b_1.000000
7.005e-03 3.290e-02 8.571e-04

kineVar_a_1.200000_b_1.200000
3.677e-02 5.350e-02 3.123e-04

kineVar_a_1.200000_b_1.400000
5.286e-02 8.592e-02 1.187e-04

kineVar_a_1.200000_b_1.600000
8.728e-02 1.182e-01 5.860e-05

kineVar_a_1.200000_b_1.800000
1.484e-01 1.454e-01 3.382e-05

kineVar_a_1.400000_b_0.100000
9.509e-01 4.539e-03 7.845e-05

kineVar_a_1.400000_b_0.400000
4.012e-04 4.465e-04 7.654e-01

kineVar_a_1.400000_b_0.600000
2.757e-03 3.220e-03 5.345e-02

kineVar_a_1.400000_b_0.800000
2.249e-02 1.805e-02 2.874e-03

kineVar_a_1.400000_b_1.000000
1.502e-02 2.544e-02 1.471e-03

kineVar_a_1.400000_b_1.200000
5.696e-03 4.424e-02 4.828e-04

kineVar_a_1.400000_b_1.400000
1.043e-02 7.612e-02 1.646e-04

kineVar_a_1.400000_b_1.600000
2.438e-02 1.104e-01 7.676e-05

kineVar_a_1.400000_b_1.800000
7.081e-02 1.396e-01 4.364e-05

kineVar_a_1.600000_b_0.100000
9.707e-01 2.760e-03 6.071e-05

kineVar_a_1.600000_b_0.400000
1.790e-04 5.782e-04 8.489e-01

kineVar_a_1.600000_b_0.600000
2.264e-03 1.020e-03 1.975e-01

kineVar_a_1.600000_b_0.800000
1.906e-02 1.010e-02 8.358e-03

kineVar_a_1.600000_b_1.000000
3.252e-02 2.288e-02 1.867e-03

kineVar_a_1.600000_b_1.200000
1.945e-02 3.717e-02 7.128e-04

kineVar_a_1.600000_b_1.400000
1.883e-02 6.666e-02 2.267e-04

kineVar_a_1.600000_b_1.600000
2.578e-02 1.027e-01 9.788e-05

kineVar_a_1.600000_b_1.800000
8.611e-03 1.365e-01 5.378e-05

kineVar_a_1.800000_b_0.100000
9.831e-01 1.463e-03 4.723e-05

kineVar_a_1.800000_b_0.400000
6.833e-04 2.899e-04 6.645e-01

kineVar_a_1.800000_b_0.600000
2.172e-03 3.982e-04 3.394e-01

kineVar_a_1.800000_b_0.800000
1.793e-02 7.472e-03 1.423e-02

kineVar_a_1.800000_b_1.000000
4.596e-02 2.374e-02 1.784e-03

kineVar_a_1.800000_b_1.200000
4.264e-02 3.408e-02 8.828e-04

kineVar_a_1.800000_b_1.400000
3.638e-02 5.718e-02 3.172e-04

kineVar_a_1.800000_b_1.600000
5.160e-02 9.257e-02 1.263e-04

kineVar_a_1.800000_b_1.800000
6.037e-02 1.289e-01 6.658e-05

