kineVar_a_0.200000_b_0.100000
8.072e-01 9.546e-02 3.994e-06

kineVar_a_0.200000_b_0.400000
8.572e-03 2.178e-02 1.957e-03

kineVar_a_0.200000_b_0.600000
5.639e-03 3.690e-03 4.302e-02

kineVar_a_0.200000_b_0.800000
2.227e-05 5.931e-03 2.039e-02

kineVar_a_0.200000_b_1.000000
1.598e-02 6.663e-03 1.622e-02

kineVar_a_0.200000_b_1.200000
3.378e-02 8.704e-03 9.816e-03

kineVar_a_0.200000_b_1.400000
4.880e-02 1.214e-02 5.210e-03

kineVar_a_0.200000_b_1.600000
6.238e-02 1.553e-02 3.206e-03

kineVar_a_0.200000_b_1.800000
7.556e-02 1.830e-02 2.288e-03

kineVar_a_0.400000_b_0.100000
9.105e-01 3.786e-02 5.311e-06

kineVar_a_0.400000_b_0.400000
2.951e-03 2.149e-02 1.985e-03

kineVar_a_0.400000_b_0.600000
4.594e-04 1.961e-03 1.024e-01

kineVar_a_0.400000_b_0.800000
3.050e-03 2.178e-03 9.059e-02

kineVar_a_0.400000_b_1.000000
3.468e-04 3.251e-03 5.239e-02

kineVar_a_0.400000_b_1.200000
9.937e-03 5.039e-03 2.618e-02

kineVar_a_0.400000_b_1.400000
2.124e-02 7.818e-03 1.217e-02

kineVar_a_0.400000_b_1.600000
3.416e-02 1.091e-02 6.535e-03

kineVar_a_0.400000_b_1.800000
4.803e-02 1.373e-02 4.158e-03

kineVar_a_0.600000_b_0.100000
9.600e-01 1.365e-02 7.450e-06

kineVar_a_0.600000_b_0.400000
2.669e-02 2.163e-02 1.846e-03

kineVar_a_0.600000_b_0.600000
3.015e-03 1.959e-03 1.030e-01

kineVar_a_0.600000_b_0.800000
1.287e-03 1.238e-05 5.069e-01

kineVar_a_0.600000_b_1.000000
1.745e-03 8.240e-04 2.317e-01

kineVar_a_0.600000_b_1.200000
1.213e-03 2.137e-03 9.205e-02

kineVar_a_0.600000_b_1.400000
6.197e-03 4.180e-03 3.550e-02

kineVar_a_0.600000_b_1.600000
1.334e-02 6.724e-03 1.605e-02

kineVar_a_0.600000_b_1.800000
2.238e-02 9.533e-03 8.541e-03

kineVar_a_0.800000_b_0.100000
9.825e-01 4.511e-03 1.005e-05

kineVar_a_0.800000_b_0.400000
5.946e-02 3.236e-02 7.941e-04

kineVar_a_0.800000_b_0.600000
1.830e-03 2.588e-03 7.233e-02

kineVar_a_0.800000_b_0.800000
2.640e-04 6.144e-04 8.706e-01

kineVar_a_0.800000_b_1.000000
1.250e-03 1.954e-04 6.076e-01

kineVar_a_0.800000_b_1.200000
1.202e-03 7.032e-04 2.568e-01

kineVar_a_0.800000_b_1.400000
5.300e-05 2.092e-03 9.469e-02

kineVar_a_0.800000_b_1.600000
2.784e-03 4.015e-03 3.804e-02

kineVar_a_0.800000_b_1.800000
7.864e-03 6.397e-03 1.767e-02

kineVar_a_1.000000_b_0.100000
9.925e-01 1.207e-03 1.158e-05

kineVar_a_1.000000_b_0.400000
9.295e-02 5.177e-02 2.954e-04

kineVar_a_1.000000_b_0.600000
1.534e-03 4.711e-03 2.966e-02

kineVar_a_1.000000_b_0.800000
7.935e-04 5.288e-04 8.181e-01

kineVar_a_1.000000_b_1.000000
7.006e-04 6.489e-04 8.904e-01

kineVar_a_1.000000_b_1.200000
1.559e-03 4.890e-05 4.769e-01

kineVar_a_1.000000_b_1.400000
1.955e-03 1.011e-03 1.989e-01

kineVar_a_1.000000_b_1.600000
1.789e-03 2.461e-03 7.729e-02

kineVar_a_1.000000_b_1.800000
1.459e-04 4.480e-03 3.224e-02

kineVar_a_1.200000_b_0.100000
9.968e-01 5.067e-05 1.118e-05

kineVar_a_1.200000_b_0.400000
1.355e-01 7.579e-02 1.267e-04

kineVar_a_1.200000_b_0.600000
4.383e-03 1.045e-02 7.502e-03

kineVar_a_1.200000_b_0.800000
2.306e-03 7.710e-05 4.618e-01

kineVar_a_1.200000_b_1.000000
6.608e-05 6.757e-04 9.048e-01

kineVar_a_1.200000_b_1.200000
1.454e-03 2.174e-04 6.209e-01

kineVar_a_1.200000_b_1.400000
2.347e-03 4.913e-04 3.112e-01

kineVar_a_1.200000_b_1.600000
3.140e-03 1.558e-03 1.333e-01

kineVar_a_1.200000_b_1.800000
3.556e-03 3.173e-03 5.468e-02

kineVar_a_1.400000_b_0.100000
9.987e-01 5.814e-04 9.846e-06

kineVar_a_1.400000_b_0.400000
1.951e-01 1.030e-01 5.991e-05

kineVar_a_1.400000_b_0.600000
1.592e-03 2.351e-02 1.657e-03

kineVar_a_1.400000_b_0.800000
3.303e-03 1.756e-03 1.157e-01

kineVar_a_1.400000_b_1.000000
1.380e-03 3.041e-04 6.731e-01

kineVar_a_1.400000_b_1.200000
1.044e-03 2.075e-04 6.147e-01

kineVar_a_1.400000_b_1.400000
2.342e-03 3.131e-04 3.681e-01

kineVar_a_1.400000_b_1.600000
3.308e-03 1.131e-03 1.814e-01

kineVar_a_1.400000_b_1.800000
4.417e-03 2.398e-03 8.034e-02

kineVar_a_1.600000_b_0.100000
9.995e-01 8.184e-04 8.566e-06

kineVar_a_1.600000_b_0.400000
2.732e-01 1.281e-01 3.171e-05

kineVar_a_1.600000_b_0.600000
1.073e-02 4.937e-02 4.025e-04

kineVar_a_1.600000_b_0.800000
8.080e-04 8.613e-03 1.072e-02

kineVar_a_1.600000_b_1.000000
3.330e-03 3.324e-04 3.588e-01

kineVar_a_1.600000_b_1.200000
1.587e-04 4.361e-05 4.787e-01

kineVar_a_1.600000_b_1.400000
2.051e-03 3.700e-04 3.485e-01

kineVar_a_1.600000_b_1.600000
3.064e-03 1.016e-03 1.985e-01

kineVar_a_1.600000_b_1.800000
4.115e-03 2.046e-03 9.803e-02

kineVar_a_1.800000_b_0.100000
9.998e-01 9.237e-04 7.595e-06

kineVar_a_1.800000_b_0.400000
3.674e-01 1.427e-01 1.938e-05

kineVar_a_1.800000_b_0.600000
2.855e-02 8.873e-02 1.314e-04

kineVar_a_1.800000_b_0.800000
2.082e-02 3.107e-02 1.012e-03

kineVar_a_1.800000_b_1.000000
4.986e-03 1.873e-03 1.071e-01

kineVar_a_1.800000_b_1.200000
1.434e-03 5.397e-04 2.961e-01

kineVar_a_1.800000_b_1.400000
1.298e-03 6.454e-04 2.702e-01

kineVar_a_1.800000_b_1.600000
2.427e-03 1.125e-03 1.820e-01

kineVar_a_1.800000_b_1.800000
3.144e-03 1.973e-03 1.022e-01

