kineVar_a_0.200000_b_0.100000
7.484e-01 2.916e-02 6.959e-05

kineVar_a_0.200000_b_0.400000
1.039e-04 4.318e-05 5.221e-01

kineVar_a_0.200000_b_0.600000
6.915e-03 2.298e-03 8.314e-02

kineVar_a_0.200000_b_0.800000
2.234e-02 1.301e-02 4.850e-03

kineVar_a_0.200000_b_1.000000
3.453e-02 2.978e-02 9.827e-04

kineVar_a_0.200000_b_1.200000
5.068e-02 3.805e-02 5.907e-04

kineVar_a_0.200000_b_1.400000
6.640e-02 4.303e-02 4.494e-04

kineVar_a_0.200000_b_1.600000
7.494e-02 4.890e-02 3.436e-04

kineVar_a_0.200000_b_1.800000
7.604e-02 5.965e-02 2.320e-04

kineVar_a_0.400000_b_0.100000
8.549e-01 1.661e-02 6.786e-05

kineVar_a_0.400000_b_0.400000
4.729e-04 6.476e-04 8.894e-01

kineVar_a_0.400000_b_0.600000
8.449e-04 5.007e-04 3.071e-01

kineVar_a_0.400000_b_0.800000
7.366e-03 5.927e-03 2.012e-02

kineVar_a_0.400000_b_1.000000
9.989e-03 2.150e-02 1.932e-03

kineVar_a_0.400000_b_1.200000
1.662e-02 3.351e-02 8.113e-04

kineVar_a_0.400000_b_1.400000
3.406e-02 3.630e-02 6.703e-04

kineVar_a_0.400000_b_1.600000
5.233e-02 3.963e-02 5.437e-04

kineVar_a_0.400000_b_1.800000
6.353e-02 4.677e-02 3.841e-04

kineVar_a_0.600000_b_0.100000
9.227e-01 8.259e-03 6.971e-05

kineVar_a_0.600000_b_0.400000
8.353e-04 1.519e-04 5.813e-01

kineVar_a_0.600000_b_0.600000
9.023e-06 8.658e-05 5.452e-01

kineVar_a_0.600000_b_0.800000
3.328e-03 2.512e-03 7.454e-02

kineVar_a_0.600000_b_1.000000
4.586e-03 1.085e-02 7.001e-03

kineVar_a_0.600000_b_1.200000
5.079e-03 2.235e-02 1.812e-03

kineVar_a_0.600000_b_1.400000
1.608e-02 2.714e-02 1.221e-03

kineVar_a_0.600000_b_1.600000
3.608e-02 2.817e-02 1.091e-03

kineVar_a_0.600000_b_1.800000
5.469e-02 3.259e-02 7.912e-04

kineVar_a_0.800000_b_0.100000
9.613e-01 3.581e-03 7.120e-05

kineVar_a_0.800000_b_0.400000
1.436e-03 1.287e-03 1.601e-01

kineVar_a_0.800000_b_0.600000
5.366e-04 1.466e-04 5.789e-01

kineVar_a_0.800000_b_0.800000
1.045e-03 1.763e-03 1.156e-01

kineVar_a_0.800000_b_1.000000
2.034e-04 8.264e-03 1.151e-02

kineVar_a_0.800000_b_1.200000
3.337e-03 1.856e-02 2.624e-03

kineVar_a_0.800000_b_1.400000
1.371e-03 2.497e-02 1.477e-03

kineVar_a_0.800000_b_1.600000
1.808e-02 2.549e-02 1.372e-03

kineVar_a_0.800000_b_1.800000
4.000e-02 2.643e-02 1.224e-03

kineVar_a_1.000000_b_0.100000
9.816e-01 1.191e-03 7.017e-05

kineVar_a_1.000000_b_0.400000
4.651e-03 4.769e-03 2.891e-02

kineVar_a_1.000000_b_0.600000
1.462e-03 1.996e-04 4.107e-01

kineVar_a_1.000000_b_0.800000
6.079e-04 1.575e-03 1.312e-01

kineVar_a_1.000000_b_1.000000
2.571e-03 7.380e-03 1.411e-02

kineVar_a_1.000000_b_1.200000
1.081e-02 1.883e-02 2.591e-03

kineVar_a_1.000000_b_1.400000
1.306e-02 2.824e-02 1.199e-03

kineVar_a_1.000000_b_1.600000
2.127e-03 3.057e-02 1.007e-03

kineVar_a_1.000000_b_1.800000
1.828e-02 2.985e-02 1.012e-03

kineVar_a_1.200000_b_0.100000
9.916e-01 2.424e-05 6.649e-05

kineVar_a_1.200000_b_0.400000
1.431e-02 1.139e-02 6.290e-03

kineVar_a_1.200000_b_0.600000
1.884e-03 9.846e-04 2.031e-01

kineVar_a_1.200000_b_0.800000
2.319e-03 1.770e-03 1.158e-01

kineVar_a_1.200000_b_1.000000
3.267e-03 6.149e-03 1.931e-02

kineVar_a_1.200000_b_1.200000
1.282e-02 1.715e-02 3.105e-03

kineVar_a_1.200000_b_1.400000
2.135e-02 2.834e-02 1.211e-03

kineVar_a_1.200000_b_1.600000
1.734e-02 3.379e-02 8.543e-04

kineVar_a_1.200000_b_1.800000
1.837e-03 3.446e-02 7.978e-04

kineVar_a_1.400000_b_0.100000
9.963e-01 5.311e-04 6.127e-05

kineVar_a_1.400000_b_0.400000
3.485e-02 2.085e-02 1.948e-03

kineVar_a_1.400000_b_0.600000
1.567e-04 2.543e-03 7.380e-02

kineVar_a_1.400000_b_0.800000
3.672e-03 2.348e-03 8.244e-02

kineVar_a_1.400000_b_1.000000
3.453e-03 5.315e-03 2.463e-02

kineVar_a_1.400000_b_1.200000
1.005e-02 1.424e-02 4.374e-03

kineVar_a_1.400000_b_1.400000
2.118e-02 2.526e-02 1.510e-03

kineVar_a_1.400000_b_1.600000
2.310e-02 3.210e-02 9.542e-04

kineVar_a_1.400000_b_1.800000
1.350e-02 3.491e-02 7.961e-04

kineVar_a_1.600000_b_0.100000
9.984e-01 7.902e-04 5.568e-05

kineVar_a_1.600000_b_0.400000
7.009e-02 3.193e-02 7.968e-04

kineVar_a_1.600000_b_0.600000
4.337e-03 6.200e-03 1.877e-02

kineVar_a_1.600000_b_0.800000
3.035e-03 3.379e-03 4.984e-02

kineVar_a_1.600000_b_1.000000
3.308e-03 5.323e-03 2.456e-02

kineVar_a_1.600000_b_1.200000
5.765e-03 1.143e-02 6.503e-03

kineVar_a_1.600000_b_1.400000
1.523e-02 2.145e-02 2.041e-03

kineVar_a_1.600000_b_1.600000
2.089e-02 2.833e-02 1.210e-03

kineVar_a_1.600000_b_1.800000
1.653e-02 3.214e-02 9.398e-04

kineVar_a_1.800000_b_0.100000
9.993e-01 9.083e-04 5.047e-05

kineVar_a_1.800000_b_0.400000
1.222e-01 4.401e-02 3.803e-04

kineVar_a_1.800000_b_0.600000
1.057e-02 1.415e-02 4.249e-03

kineVar_a_1.800000_b_0.800000
1.659e-03 4.907e-03 2.777e-02

kineVar_a_1.800000_b_1.000000
1.675e-03 6.303e-03 1.847e-02

kineVar_a_1.800000_b_1.200000
1.917e-03 9.980e-03 8.258e-03

kineVar_a_1.800000_b_1.400000
7.378e-03 1.821e-02 2.743e-03

kineVar_a_1.800000_b_1.600000
1.436e-02 2.556e-02 1.456e-03

kineVar_a_1.800000_b_1.800000
1.455e-02 3.014e-02 1.060e-03

